## Processed 16562 file(s) from directory: clu
## Scores in 1/3 bit units
## Entropy =  0.3401, Expected =  -0.2871
## Minimum =   -5, Maximum =   11
## Reference scoring statistical parameters:
     Lambda = 0.2234, K = 0.0922, H = 0.2261
# A   R   N   D   C   Q   E   G   H   I   L   K   M   F   P   S   T   W   Y   V   B   Z   X   * 
   4  -1  -2  -2   1   0   0   0  -1  -1  -1  -1  -1  -2  -1   1   0  -2  -2   0  -2   0   0  -5
  -1   5   0   0  -3   2   1  -2   1  -3  -2   3  -1  -3  -1   0   0  -1  -1  -3   0   1  -1  -5
  -2   0   7   2  -1   1   0   0   1  -4  -4   0  -2  -3  -1   1   0  -2  -1  -4   4   0  -1  -5
  -2   0   2   7  -4   1   2  -1   0  -5  -5   0  -4  -4  -1   0  -1  -3  -3  -5   5   2  -1  -5
   1  -3  -1  -4  10  -2  -4  -2  -1   0   0  -3   1   0  -3   0   0  -1  -1   1  -3  -3  -1  -5
   0   2   1   1  -2   4   2  -2   1  -3  -2   2  -1  -2  -1   0   0  -1  -1  -3   1   3   0  -5
   0   1   0   2  -4   2   5  -2   0  -4  -3   2  -2  -4   0   0   0  -2  -2  -3   2   4  -1  -5
   0  -2   0  -1  -2  -2  -2   7  -2  -5  -5  -2  -3  -4  -2   0  -2  -3  -3  -4  -1  -2  -2  -5
  -1   1   1   0  -1   1   0  -2   9  -3  -2   0  -1   0  -1   0  -1   1   2  -3   0   0  -1  -5
  -1  -3  -4  -5   0  -3  -4  -5  -3   5   3  -4   2   1  -3  -3  -1  -1  -1   4  -5  -4  -1  -5
  -1  -2  -4  -5   0  -2  -3  -5  -2   3   4  -3   3   2  -3  -3  -2   0   0   1  -4  -3  -1  -5
  -1   3   0   0  -3   2   2  -2   0  -4  -3   6  -2  -3   0   0   0  -3  -2  -3   0   2  -1  -5
  -1  -1  -2  -4   1  -1  -2  -3  -1   2   3  -2   6   2  -3  -2  -1   1   0   1  -3  -2  -1  -5
  -2  -3  -3  -4   0  -2  -4  -4   0   1   2  -3   2   7  -2  -3  -2   4   4   0  -4  -3  -1  -5
  -1  -1  -1  -1  -3  -1   0  -2  -1  -3  -3   0  -3  -2   9   0  -1  -2  -2  -3  -1  -1  -1  -5
   1   0   1   0   0   0   0   0   0  -3  -3   0  -2  -3   0   4   2  -2  -2  -2   1   0   0  -5
   0   0   0  -1   0   0   0  -2  -1  -1  -2   0  -1  -2  -1   2   5  -2  -1   0   0   0   0  -5
  -2  -1  -2  -3  -1  -1  -2  -3   1  -1   0  -3   1   4  -2  -2  -2  11   4  -1  -3  -2  -1  -5
  -2  -1  -1  -3  -1  -1  -2  -3   2  -1   0  -2   0   4  -2  -2  -1   4   8  -1  -2  -2  -1  -5
   0  -3  -4  -5   1  -3  -3  -4  -3   4   1  -3   1   0  -3  -2   0  -1  -1   5  -4  -3  -1  -5
  -2   0   4   5  -3   1   2  -1   0  -5  -4   0  -3  -4  -1   1   0  -3  -2  -4   4   1  -1  -5
   0   1   0   2  -3   3   4  -2   0  -4  -3   2  -2  -3  -1   0   0  -2  -2  -3   1   4  -1  -5
   0  -1  -1  -1  -1   0  -1  -2  -1  -1  -1  -1  -1  -1  -1   0   0  -1  -1  -1  -1  -1  -1  -5
  -5  -5  -5  -5  -5  -5  -5  -5  -5  -5  -5  -5  -5  -5  -5  -5  -5  -5  -5  -5  -5  -5  -5   1
##
## Background Probabilities:
#      A        R        N        D        C        Q        E        G        H        I        L        K        M        F        P        S        T        W        Y        V 
 0.095541 0.055706 0.038263 0.058728 0.013338 0.034357 0.062362 0.078538 0.024159 0.061611 0.098739 0.047718 0.020983 0.038092 0.043252 0.058873 0.052518 0.011891 0.030564 0.074767
##
## Marginal Probabilities:
# 
 0.100544 0.056796 0.037169 0.057905 0.012772 0.033857 0.060520 0.079223 0.024345 0.061949 0.102724 0.045080 0.021306 0.037335 0.041708 0.058697 0.051429 0.011419 0.029256 0.075967

##
## Target Frequencies:
#      A        R        N        D        C        Q        E        G        H        I        L        K        M        F        P        S        T        W        Y        V 
 0.024293 0.004719 0.002614 0.004006 0.001729 0.003064 0.005471 0.007471 0.001796 0.004523 0.007845 0.003673 0.001862 0.002536 0.003444 0.006737 0.004816 0.000765 0.002026 0.007154
 0.004719 0.010590 0.002250 0.003057 0.000400 0.003052 0.004423 0.002803 0.001638 0.001707 0.003413 0.004948 0.000859 0.001148 0.001956 0.003172 0.002685 0.000481 0.001286 0.002210
 0.002614 0.002250 0.006720 0.003401 0.000384 0.001478 0.002369 0.002943 0.001203 0.000897 0.001667 0.001866 0.000475 0.000755 0.001176 0.002751 0.001960 0.000262 0.000809 0.001189
 0.004006 0.003057 0.003401 0.015841 0.000321 0.002352 0.006034 0.003502 0.001321 0.001022 0.001980 0.002713 0.000529 0.000811 0.002134 0.003734 0.002514 0.000315 0.000874 0.001445
 0.001729 0.000400 0.000384 0.000321 0.001719 0.000251 0.000341 0.000701 0.000233 0.000838 0.001334 0.000290 0.000308 0.000452 0.000288 0.000791 0.000678 0.000114 0.000326 0.001277
 0.003064 0.003052 0.001478 0.002352 0.000251 0.003077 0.003496 0.001823 0.000996 0.001063 0.002099 0.002446 0.000621 0.000717 0.001166 0.002073 0.001671 0.000275 0.000749 0.001389
 0.005471 0.004423 0.002369 0.006034 0.000341 0.003496 0.011923 0.002973 0.001419 0.001487 0.002844 0.003915 0.000728 0.000977 0.002334 0.003502 0.002782 0.000389 0.001047 0.002066
 0.007471 0.002803 0.002943 0.003502 0.000701 0.001823 0.002973 0.034201 0.001265 0.001437 0.002637 0.002410 0.000759 0.001230 0.002316 0.004542 0.002566 0.000437 0.001061 0.002146
 0.001796 0.001638 0.001203 0.001321 0.000233 0.000996 0.001419 0.001265 0.004236 0.000781 0.001497 0.001115 0.000424 0.000855 0.000737 0.001340 0.001024 0.000317 0.001154 0.000993
 0.004523 0.001707 0.000897 0.001022 0.000838 0.001063 0.001487 0.001437 0.000781 0.012342 0.011401 0.001220 0.001966 0.002941 0.001270 0.001733 0.002408 0.000610 0.001578 0.010725
 0.007845 0.003413 0.001667 0.001980 0.001334 0.002099 0.002844 0.002637 0.001497 0.011401 0.029801 0.002323 0.003932 0.005886 0.002171 0.002968 0.003600 0.001270 0.003033 0.011022
 0.003673 0.004948 0.001866 0.002713 0.000290 0.002446 0.003915 0.002410 0.001115 0.001220 0.002323 0.007682 0.000593 0.000762 0.001743 0.002556 0.002089 0.000287 0.000843 0.001606
 0.001862 0.000859 0.000475 0.000529 0.000308 0.000621 0.000728 0.000759 0.000424 0.001966 0.003932 0.000593 0.001881 0.001165 0.000483 0.000838 0.000954 0.000291 0.000672 0.001963
 0.002536 0.001148 0.000755 0.000811 0.000452 0.000717 0.000977 0.001230 0.000855 0.002941 0.005886 0.000762 0.001165 0.006718 0.000883 0.001226 0.001311 0.001075 0.002750 0.003138
 0.003444 0.001956 0.001176 0.002134 0.000288 0.001166 0.002334 0.002316 0.000737 0.001270 0.002171 0.001743 0.000483 0.000883 0.012672 0.002359 0.001789 0.000289 0.000721 0.001777
 0.006737 0.003172 0.002751 0.003734 0.000791 0.002073 0.003502 0.004542 0.001340 0.001733 0.002968 0.002556 0.000838 0.001226 0.002359 0.009457 0.004778 0.000421 0.001157 0.002561
 0.004816 0.002685 0.001960 0.002514 0.000678 0.001671 0.002782 0.002566 0.001024 0.002408 0.003600 0.002089 0.000954 0.001311 0.001789 0.004778 0.008673 0.000407 0.001093 0.003634
 0.000765 0.000481 0.000262 0.000315 0.000114 0.000275 0.000389 0.000437 0.000317 0.000610 0.001270 0.000287 0.000291 0.001075 0.000289 0.000421 0.000407 0.001822 0.000914 0.000680
 0.002026 0.001286 0.000809 0.000874 0.000326 0.000749 0.001047 0.001061 0.001154 0.001578 0.003033 0.000843 0.000672 0.002750 0.000721 0.001157 0.001093 0.000914 0.005328 0.001833
 0.007154 0.002210 0.001189 0.001445 0.001277 0.001389 0.002066 0.002146 0.000993 0.010725 0.011022 0.001606 0.001963 0.003138 0.001777 0.002561 0.003634 0.000680 0.001833 0.017161
##
## Odds Ratios:
#     A       R       N       D       C       Q       E       G       H       I       L       K       M       F       P       S       T       W       Y       V       B       Z       X       * 
  2.4031  0.8264  0.6994  0.6880  1.3464  0.9002  0.8991  0.9379  0.7336  0.7262  0.7595  0.8105  0.8691  0.6757  0.8213  1.1416  0.9314  0.6665  0.6888  0.9366  0.6925  0.8995  0.9216  0.2849
  0.8264  3.2828  1.0656  0.9295  0.5508  1.5870  1.2869  0.6230  1.1843  0.4852  0.5851  1.9327  0.7103  0.5413  0.8258  0.9515  0.9191  0.7410  0.7739  0.5123  0.9810  1.3863  0.8720  0.2849
  0.6994  1.0656  4.8642  1.5804  0.8099  1.1742  1.0531  0.9996  1.3296  0.3896  0.4365  1.1136  0.6004  0.5441  0.7586  1.2609  1.0252  0.6163  0.7443  0.4211  2.4625  1.0946  0.8390  0.2849
  0.6880  0.9295  1.5804  4.7245  0.4336  1.1996  1.7219  0.7633  0.9373  0.2849  0.3328  1.0395  0.4287  0.3749  0.8837  1.0987  0.8440  0.4756  0.5156  0.3286  3.0671  1.5144  0.7519  0.2849
  1.3464  0.5508  0.8099  0.4336 10.5360  0.5798  0.4408  0.6927  0.7488  1.0589  1.0165  0.5037  1.1315  0.9473  0.5403  1.0545  1.0323  0.7801  0.8733  1.3162  0.5548  0.4859  0.8423  0.2849
  0.9002  1.5870  1.1742  1.1996  0.5798  2.6843  1.7064  0.6797  1.2089  0.5067  0.6035  1.6027  0.8609  0.5669  0.8257  1.0430  0.9594  0.7123  0.7561  0.5401  1.1895  2.0043  0.9104  0.2849
  0.8991  1.2869  1.0531  1.7219  0.4408  1.7064  3.2551  0.6201  0.9629  0.3965  0.4575  1.4349  0.5649  0.4325  0.9245  0.9859  0.8939  0.5623  0.5915  0.4493  1.4183  2.5878  0.8409  0.2849
  0.9379  0.6230  0.9996  0.7633  0.6927  0.6797  0.6201  5.4492  0.6560  0.2928  0.3241  0.6749  0.4497  0.4157  0.7010  0.9767  0.6297  0.4827  0.4577  0.3566  0.8490  0.6407  0.6839  0.2849
  0.7336  1.1843  1.3296  0.9373  0.7488  1.2089  0.9629  0.6560  7.1470  0.5176  0.5988  1.0163  0.8182  0.9412  0.7257  0.9378  0.8175  1.1408  1.6209  0.5368  1.0759  1.0440  0.8575  0.2849
  0.7262  0.4852  0.3896  0.2849  1.0589  0.5067  0.3965  0.2928  0.5176  3.2160  1.7915  0.4368  1.4897  1.2717  0.4916  0.4767  0.7559  0.8625  0.8705  2.2789  0.3224  0.4326  0.7414  0.2849
  0.7595  0.5851  0.4365  0.3328  1.0165  0.6035  0.4575  0.3241  0.5988  1.7915  2.8242  0.5015  1.7968  1.5348  0.5068  0.4923  0.6814  1.0828  1.0094  1.4124  0.3704  0.5048  0.7793  0.2849
  0.8105  1.9327  1.1136  1.0395  0.5037  1.6027  1.4349  0.6749  1.0163  0.4368  0.5015  3.7800  0.6172  0.4527  0.9271  0.9661  0.9009  0.5574  0.6393  0.4688  1.0681  1.4924  0.8505  0.2849
  0.8691  0.7103  0.6004  0.4287  1.1315  0.8609  0.5649  0.4497  0.8182  1.4897  1.7968  0.6172  4.1441  1.4642  0.5435  0.6705  0.8709  1.1966  1.0780  1.2129  0.4897  0.6561  0.8668  0.2849
  0.6757  0.5413  0.5441  0.3749  0.9473  0.5669  0.4325  0.4157  0.9412  1.2717  1.5348  0.4527  1.4642  4.8195  0.5671  0.5594  0.6828  2.5208  2.5177  1.1063  0.4343  0.4761  0.7864  0.2849
  0.8213  0.8258  0.7586  0.8837  0.5403  0.8257  0.9245  0.7010  0.7257  0.4916  0.5068  0.9271  0.5435  0.5671  7.2842  0.9637  0.8342  0.6058  0.5909  0.5607  0.8321  0.8881  0.7846  0.2849
  1.1416  0.9515  1.2609  1.0987  1.0545  1.0430  0.9859  0.9767  0.9378  0.4767  0.4923  0.9661  0.6705  0.5594  0.9637  2.7448  1.5827  0.6282  0.6736  0.5744  1.1601  1.0058  0.9024  0.2849
  0.9314  0.9191  1.0252  0.8440  1.0323  0.9594  0.8939  0.6297  0.8175  0.7559  0.6814  0.9009  0.8709  0.6828  0.8342  1.5827  3.2791  0.6925  0.7264  0.9301  0.9113  0.9166  0.9183  0.2849
  0.6665  0.7410  0.6163  0.4756  0.7801  0.7123  0.5623  0.4827  1.1408  0.8625  1.0828  0.5574  1.1966  2.5208  0.6058  0.6282  0.6925 13.9710  2.7373  0.7840  0.5268  0.6116  0.7889  0.2849
  0.6888  0.7739  0.7443  0.5156  0.8733  0.7561  0.5915  0.4577  1.6209  0.8705  1.0094  0.6393  1.0780  2.5177  0.5909  0.6736  0.7264  2.7373  6.2252  0.8250  0.5960  0.6454  0.8224  0.2849
  0.9366  0.5123  0.4211  0.3286  1.3162  0.5401  0.4493  0.3566  0.5368  2.2789  1.4124  0.4688  1.2129  1.1063  0.5607  0.5744  0.9301  0.7840  0.8250  2.9736  0.3624  0.4796  0.7885  0.2849
  0.6925  0.9810  2.4625  3.0671  0.5548  1.1895  1.4183  0.8490  1.0759  0.3224  0.3704  1.0681  0.4897  0.4343  0.8321  1.1601  0.9113  0.5268  0.5960  0.3624  2.8126  1.3324  0.7851  0.2849
  0.8995  1.3863  1.0946  1.5144  0.4859  2.0043  2.5878  0.6407  1.0440  0.4326  0.5048  1.4924  0.6561  0.4761  0.8881  1.0058  0.9166  0.6116  0.6454  0.4796  1.3324  2.3633  0.8649  0.2849
  0.9216  0.8720  0.8390  0.7519  0.8423  0.9104  0.8409  0.6839  0.8575  0.7414  0.7793  0.8505  0.8668  0.7864  0.7846  0.9024  0.9183  0.7889  0.8224  0.7885  0.7851  0.8649  0.8193  0.2849
  0.2849  0.2849  0.2849  0.2849  0.2849  0.2849  0.2849  0.2849  0.2849  0.2849  0.2849  0.2849  0.2849  0.2849  0.2849  0.2849  0.2849  0.2849  0.2849  0.2849  0.2849  0.2849  0.2849  1.2599
//
